stats: 0.575150823318834 p-value: 0.4482193453329385
stats: 0.6503279095891995 p-value: 0.4199954677237022
stats: 3.6097935362367153 p-value: 0.05744025025360785
stats: 0.6194599923408786 p-value: 0.43124802696086606